40, 40
0100000000000000000003040000705040300502
0003030507000000000040000000000201000000
0000000000000607040107090070600000200500
0000000003000000006070000102001020020000
3000060900503000020003000010000000000505
00000000000109090070900a0704050300000000
0507030700200000000000200000000040060604
0000403004000500010300080800070600003000
0002000000050009004070500020001000000000
0000001000000000000000080300000060040000
0600900a080b0020000080400000200300001000
70040300000004080200030c00700900b00a0905
0000100020080000505000000000000000000000
01000000000000000000600a0040080070050000
0005050600080506001000000000000000000506
0000000060300000700b070a00900a0400000000
0000404003090000000010000200000050000607
0002000200000605040800030030060200603000
0500608060070010500000000003003050000000
0006030304000000050600060500060700700300
0000000000000000700050100000000000000000
0009006005070903002000050908040600000007
0000000000000000000001000000000000000000
050700000908004090a080900a00705006050000
0000003050300001030100000002000000001005
0300010003000020002040504000305003090050
0000000000070502050400000200000000000000
0400508080700000000060707009007008070040
0000000000070400400400020030050400003003
0001005070600000000005002000000006000000
0000020002090804000500000008080300005004
0000002000000000000000020040000000000000
070709007004060030060900030006050b000020
0000000000000000000010400006000000000000
2005060202000500402000000000060020000001
0000000000020002040700900030000000000000
0600002050000400002000003007001008005002
0008080708080070800800700500030000000000
0300000000000000000000000000000000006030
0003040505050040500600000805010003000001
